[gd_scene load_steps=6 format=3 uid="uid://62gpkbr72u6c"]

[ext_resource type="PackedScene" uid="uid://dd0yoq30cfdwd" path="res://scene/Character/player.tscn" id="1_itxqv"]
[ext_resource type="PackedScene" uid="uid://bsk3qqf52kby8" path="res://scene/Stadium/stadium.tscn" id="3_wp4xf"]

[sub_resource type="ProceduralSkyMaterial" id="ProceduralSkyMaterial_v0l8b"]
sky_horizon_color = Color(0.662243, 0.671743, 0.686743, 1)
ground_horizon_color = Color(0.662243, 0.671743, 0.686743, 1)

[sub_resource type="Sky" id="Sky_wp4xf"]
sky_material = SubResource("ProceduralSkyMaterial_v0l8b")

[sub_resource type="Environment" id="Environment_brvut"]
background_mode = 2
sky = SubResource("Sky_wp4xf")
tonemap_mode = 2

[node name="Main" type="Node3D"]
top_level = true

[node name="WorldEnvironment" type="WorldEnvironment" parent="."]
environment = SubResource("Environment_brvut")

[node name="DirectionalLight3D" type="DirectionalLight3D" parent="."]
transform = Transform3D(-0.866024, -0.433016, 0.250001, 0, 0.499998, 0.866026, -0.500003, 0.749999, -0.43301, 0, 22.9853, 0)
shadow_enabled = true

[node name="Camera3D" type="Camera3D" parent="."]
transform = Transform3D(-0.0233537, -0.395042, 0.918366, -0.0119805, 0.918662, 0.394864, -0.999655, -0.00178094, -0.0261869, 27, 8, 0)
fov = 40.7
near = 0.028

[node name="player" parent="." instance=ExtResource("1_itxqv")]
slide_on_ceiling = false

[node name="player2" parent="." instance=ExtResource("1_itxqv")]
transform = Transform3D(1, 0, 0, 0, 0.998571, 0.053434, 0, -0.053434, 0.998571, -3.69823, 0, 0)
slide_on_ceiling = false
control_scheme = 1

[node name="player3" parent="." instance=ExtResource("1_itxqv")]
transform = Transform3D(1, 0, 0, 0, 1, 0, 0, 0, 1, 3.25985, 0, 1.28402)
slide_on_ceiling = false
control_scheme = 2

[node name="Sketchfab_Scene" parent="." instance=ExtResource("3_wp4xf")]
